cells compared: 152 mismatches: 0

LATE -8 dB   L:   +0.00 +0.25 +0.50 +0.75 +1.00 +1.25 +1.50 +1.75 +2.00 +2.25 +2.50 +2.75 +3.00 +3.25 +3.50 +3.75 +4.00 +4.25 +4.50 +4.75 +5.00 +5.25 +5.50 +5.75 +6.00
  wsjtx  k/32:         32    32    32    32    32    32    32    32    32    32    31    32     0     0     0     0     0     0     0     0     0     0     0     0     0
  owsfz  k/32:         32    32    32    32    32    32    32    32    32    32    32    32     0     0     0     0     0     0     0     0     0     0     0     0     0

LATE -16 dB   L:   +0.00 +0.25 +0.50 +0.75 +1.00 +1.25 +1.50 +1.75 +2.00 +2.25 +2.50 +2.75 +3.00 +3.25 +3.50 +3.75 +4.00 +4.25 +4.50 +4.75 +5.00 +5.25 +5.50 +5.75 +6.00
  wsjtx  k/32:         32    32    32    31    32    32    32    32    32    32    32    32     0     0     0     0     0     0     0     0     0     0     0     0     0
  owsfz  k/32:         32    32    32    32    32    32    32    32    32    32    32    32     0     0     0     0     0     0     0     0     0     0     0     0     0

EARLY -8 dB   L:   -3.00 -2.75 -2.50 -2.25 -2.00 -1.75 -1.50 -1.25 -1.00 -0.75 -0.50 -0.25 +0.00
  wsjtx  k/32:          0     0     0    32    31    32    32    32    32    32    32    32    32
  owsfz  k/32:          0     0     0     0    14    32    32    32    32    32    32    32    32

EARLY -16 dB   L:   -3.00 -2.75 -2.50 -2.25 -2.00 -1.75 -1.50 -1.25 -1.00 -0.75 -0.50 -0.25 +0.00
  wsjtx  k/32:          0     0     0    32    31    32    32    32    32    32    31    32    32
  owsfz  k/32:          0     0     0     0     1    32    32    32    32    32    32    32    32

median reported DT of matched signals at cells near the edges (n):
  wsjtx LATE -8 [(2.0, 1.7, 32), (2.25, 1.9, 32), (2.5, 2.2, 31), (2.75, 2.4, 32)]
  wsjtx LATE -16 [(2.0, 1.7, 32), (2.25, 1.9, 32), (2.5, 2.2, 32), (2.75, 2.4, 32)]
  owsfz LATE -8 [(2.0, 2.3, 32), (2.25, 2.6, 32), (2.5, 2.8, 32), (2.75, 3.1, 32)]
  owsfz LATE -16 [(2.0, 2.3, 32), (2.25, 2.6, 32), (2.5, 2.8, 32), (2.75, 3.1, 32)]
  wsjtx EARLY -8 [(-2.25, -2.6, 32), (-2.0, -2.3, 31), (-1.75, -2.1, 32), (-1.0, -1.3, 32), (0.0, -0.3, 32)]
  wsjtx EARLY -16 [(-2.25, -2.6, 32), (-2.0, -2.3, 31), (-1.75, -2.1, 32), (-1.0, -1.3, 32), (0.0, -0.3, 32)]
  owsfz EARLY -8 [(-2.0, -1.6, 14), (-1.75, -1.4, 32), (-1.0, -0.6, 32), (0.0, 0.3, 32)]
  owsfz EARLY -16 [(-2.0, -1.6, 1), (-1.75, -1.4, 32), (-1.0, -0.6, 32), (0.0, 0.3, 32)]
